1.344076697973715540e+00
1.595730522426373366e+00
1.588725690988156858e+00
1.459888113951846922e+00
1.974412872861520674e+00
1.758383820188105462e+00
1.613536165309624959e+00
1.601117993720679200e+00
1.554625912709659996e+00
1.740680650843016597e+00
1.417972429749212893e+00
1.995897173727195106e+00
1.002038230067554547e+00
1.245524633450703966e+00
1.693510459978573301e+00
1.973844209878548916e+00
1.878200050407258903e+00
1.558875704873808221e+00
1.547372913475175693e+00
1.261115773488350245e+00
1.122281741787043652e+00
1.765150805578268089e+00
1.488815906019814950e+00
1.246167537192737207e+00
1.189085029823838235e+00
1.008930109371850348e+00
1.223619998115565322e+00
1.515479629381682791e+00
1.533721149539855499e+00
1.276245235217305041e+00
1.813865237175801504e+00
1.274606713290086901e+00
1.446964459671233882e+00
1.481409679683991509e+00
1.150159250563596025e+00
1.555505033972858442e+00
1.927692335831578285e+00
1.644797028036115716e+00
1.002800945621427964e+00
1.263461781682056806e+00
1.227772965259404270e+00
1.158337628289427768e+00
1.146715463441640104e+00
1.839272170942020335e+00
1.202493072719984735e+00
1.028855602424366911e+00
1.063229648710499742e+00
1.121100623835962873e+00
1.090737475525330735e+00
1.303928411767075524e+00
1.181930440458539788e+00
1.002433482916662566e+00
1.108625877858918640e+00
1.582343229630069237e+00
1.897683993014810166e+00
1.657601731833551639e+00
1.754349200946004661e+00
1.760828928323610487e+00
1.838325322158157027e+00
1.379778735198131878e+00
1.348759464345245185e+00
1.294236055727066681e+00
1.837502262888258020e+00
1.862096487778748699e+00
1.126139430516654549e+00
1.094339140009553901e+00
1.387541098907148163e+00
1.524868072282288933e+00
1.048501240003480106e+00
1.480661628259341001e+00
1.188511620716033779e+00
1.485778184299785920e+00
1.994626134815032259e+00
1.919908719654875195e+00
1.687380292969550499e+00
1.175989486091234992e+00
1.170603312762713788e+00
1.523395528490824269e+00
1.225038672851957999e+00
1.276818141062105560e+00
1.721759788620340403e+00
1.292355317815565119e+00
1.316933763287798209e+00
1.120255060760412036e+00
1.648606483545453916e+00
1.126787946347562297e+00
1.439864517351399975e+00
1.363167423159660441e+00
1.943282384833463272e+00
1.926289531815795320e+00
1.819796317718022083e+00
1.436974982716922700e+00
1.317827313805853606e+00
1.498189323341812873e+00
1.754697821495909693e+00
1.108248730065134691e+00
1.318306216143297682e+00
1.299704708456375313e+00
1.373755053765125966e+00
1.586770446240831411e+00
1.379267334762070973e+00
1.818636769973893008e+00
1.001386352587370521e+00
1.349622957718157767e+00
1.333316590956711956e+00
1.051990634954017789e+00
1.471741507876480615e+00
1.572484101706898674e+00
1.845118155651093605e+00
1.710488585110136572e+00
1.236192303426328909e+00
1.216455352565978254e+00
1.242440883304007926e+00
1.797379831990179033e+00
1.324022747722901183e+00
1.944418033442534277e+00
1.174950415814480564e+00
1.765722294123540648e+00
1.936916819313789340e+00
1.604612655809491972e+00
1.374232461945857242e+00
1.102674819832340614e+00
1.240679431160528257e+00
1.656488682823865854e+00
1.858511592765665466e+00
1.603636160929958976e+00
1.584223489445234279e+00
1.947092114952121644e+00
