1.835748599964784233e+00
1.364367578728538533e+00
1.888026906689223461e+00
1.784523127908746787e+00
1.149211594259042624e+00
1.713397141779857691e+00
1.532329184277958500e+00
1.651163244701628452e+00
1.501551352338306833e+00
1.706229804269403072e+00
1.768918220331729740e+00
1.091054275921764960e+00
1.512156403463957632e+00
1.034022889331020822e+00
1.788292027761640091e+00
1.280255955528195377e+00
1.640257083590798803e+00
1.411329223643970732e+00
1.900472583773513469e+00
1.512050129844192181e+00
1.612431966237789727e+00
1.392386562755523638e+00
1.594636888652139817e+00
1.758897308913960345e+00
1.280173855820668116e+00
1.801505063302297316e+00
1.274524093037761707e+00
1.672819122396184577e+00
1.376226739671122967e+00
1.933051032281437820e+00
1.738822528371013920e+00
1.276712693143744248e+00
1.318250170563501023e+00
1.127141221374489799e+00
1.270411023253074756e+00
1.006690165344214183e+00
1.935141914697685372e+00
1.895114648571182947e+00
1.178101047845368399e+00
1.323827992934734521e+00
1.375707387513851243e+00
1.661884259901170502e+00
1.250110459300970867e+00
1.504831481199447651e+00
1.763420050122245231e+00
1.909759817455361830e+00
1.384407394842750438e+00
1.543995613399703482e+00
1.661965884918549907e+00
1.271915404814349726e+00
1.872907494666750994e+00
1.045855505589121659e+00
1.622020490242825908e+00
1.568428876135709693e+00
1.053468614932789427e+00
1.302361376591766984e+00
1.333742656771249813e+00
1.130921035600965574e+00
1.013749782101657892e+00
1.794950648260978054e+00
1.560073758816474365e+00
1.010553628015469219e+00
1.779634267515106005e+00
1.534825239503212257e+00
1.711107124739197349e+00
1.658660876663158312e+00
1.372631602756664737e+00
1.336637480197076400e+00
1.775920861179675292e+00
1.228370075221710600e+00
1.706551219269990316e+00
1.347995448448759959e+00
1.349814257623257685e+00
1.854660089688354940e+00
1.027196710658363932e+00
1.975057753006850270e+00
1.627764686406984129e+00
1.822601055894449651e+00
1.759973074092398448e+00
1.651876144028488591e+00
1.382031754647955690e+00
1.448243022129608981e+00
1.534926770987151246e+00
1.214439677724758804e+00
1.960073013673757414e+00
1.712861112878202974e+00
1.046356905911525859e+00
1.100494903555859771e+00
1.137525470620627921e+00
1.251710424278111411e+00
1.464963367883345580e+00
1.081712302795036607e+00
1.751431276983184127e+00
1.332158052273374915e+00
1.612057952349453149e+00
1.823202015489814087e+00
1.070363717517540447e+00
1.907115801692217616e+00
1.299842373589879863e+00
1.859001718312310647e+00
1.693668102704843470e+00
1.440175466740878818e+00
1.271388544911876473e+00
1.283653063923427817e+00
1.437498277035305971e+00
1.980188756949698314e+00
1.548919374460565823e+00
1.341904928549125575e+00
1.760363616607258264e+00
1.858395397524471360e+00
1.086140951282477118e+00
1.611836225263489464e+00
1.672568874046507226e+00
1.262121032932189912e+00
1.667171504746770117e+00
1.963362556003329651e+00
1.668295178540470936e+00
1.205625785645295878e+00
1.743706324269234997e+00
1.583320198130172329e+00
1.662801274346886071e+00
1.949850266057431725e+00
1.820425281981776777e+00
1.901962828609516709e+00
1.841376144324583297e+00
1.271449736200112035e+00
1.146348332151331917e+00
1.389088577009869763e+00
1.881057954207258076e+00
1.658902142374881983e+00
1.139224455558859095e+00
1.089291822779574481e+00
1.288248875115974634e+00
1.110335536008904445e+00
1.421544994695252973e+00
1.521819180631038826e+00
1.478664479406558652e+00
1.949177078907353255e+00
1.374493360307843304e+00
1.920841834771407797e+00
1.782770563353004434e+00
1.959296877911814061e+00
1.731749996830174165e+00
1.377774266243357193e+00
1.845603072265051825e+00
1.197093877795695871e+00
1.499175224759650149e+00
1.710488798586915049e+00
1.421439762728252454e+00
1.891104655210694485e+00
1.464038351831413731e+00
1.132496395810946854e+00
1.086680984222081703e+00
1.851348913508890304e+00
1.617833184658535428e+00
1.000546461251724972e+00
1.916852886906427855e+00
1.953482374577103275e+00
1.244973909260663092e+00
1.682365405931689484e+00
1.237827373740899128e+00
1.200019282977023538e+00
1.034004685041594929e+00
1.184842519148918250e+00
1.791401064657453857e+00
1.609233860069422484e+00
1.659116626286412766e+00
1.892516784159993692e+00
1.608655594188626470e+00
1.522593555358362050e+00
1.766679557376469312e+00
1.552678217119285220e+00
1.826772040718894097e+00
1.986933803609062910e+00
1.505471936715511161e+00
1.687495290969763584e+00
1.626505805503962954e+00
1.914585395808539925e+00
1.438052572715422528e+00
1.578876045270935391e+00
1.877123010725126218e+00
1.928705115059415665e+00
1.469966000503832415e+00
1.941244256578064098e+00
1.238005243098143637e+00
1.969178062740700064e+00
1.766584789513530485e+00
1.319707946388494868e+00
1.569431793161628619e+00
1.175320674802587728e+00
1.454101898405351090e+00
1.051595343275505634e+00
1.989505689639503583e+00
1.941338088734859690e+00
1.320287075633197915e+00
1.182968802428431943e+00
1.392064357064529023e+00
1.620116764134835963e+00
1.230777350439346440e+00
1.309951592817552690e+00
1.841030381550403661e+00
1.184315431402472196e+00
1.925282315839639935e+00
1.180641771467798140e+00
1.457434032920748246e+00
1.308613429406388695e+00
1.165892721057061099e+00
1.995383616389283965e+00
1.906719119025510834e+00
1.061739734071959873e+00
1.223148519768176623e+00
1.559282233820326491e+00
1.718898728735590797e+00
1.655590258517507740e+00
1.032462967598318127e+00
1.420317817441541841e+00
1.959530037944944292e+00
1.804388929532818597e+00
1.863768288868154599e+00
1.711118665945943418e+00
1.810556485291557660e+00
1.321159167400530743e+00
1.411355183609806829e+00
1.752803930113492781e+00
1.897574320061481190e+00
1.583530207963215641e+00
1.898587574934436750e+00
1.824251370472176781e+00
1.127198123844876942e+00
1.136767917282667906e+00
1.986920885394617198e+00
1.090187037610421461e+00
1.539370383684159904e+00
1.564894368107564659e+00
1.965135575923619760e+00
1.874462109401361376e+00
1.436069137794963257e+00
1.196440196377277054e+00
1.042316701167697257e+00
1.905864319478841828e+00
1.998554676151227394e+00
1.814914862011522079e+00
1.089340263171972412e+00
1.072414821864086765e+00
1.154515076297680132e+00
1.464147541677740971e+00
1.882211992024086511e+00
1.340168399132155352e+00
1.407799654121924648e+00
1.894157956585779790e+00
1.472782322550715062e+00
1.769152066334250595e+00
1.051167382001780393e+00
1.042802940473444462e+00
1.996513823546098632e+00
1.750393631720962517e+00
