1.357598459228982257e+00
1.088346819924159492e+00
1.302589751184110245e+00
1.647491381200045790e+00
1.714183815653482990e+00
1.771356798250931730e+00
1.569916079533579811e+00
1.200455950740502598e+00
1.685183309896584269e+00
1.614147187697566377e+00
1.680575709465593981e+00
1.631865516681927364e+00
1.305328858505942602e+00
1.696199777114619334e+00
1.550642303738273498e+00
1.280330129169161779e+00
1.734096411987549047e+00
1.126228627917292169e+00
1.163030583499311987e+00
1.914558888766283884e+00
1.312027564949784342e+00
1.766491360682117095e+00
1.447409585639477969e+00
1.421615671711627282e+00
1.799606471561009613e+00
1.208383640316798902e+00
1.435492197907712431e+00
1.944881593497661099e+00
1.970290966462292070e+00
1.696831300247729768e+00
1.461657936289307624e+00
1.890514747101339710e+00
