1.190214507585432013e+00
1.629474831251349842e+00
1.066434564307166877e+00
1.541038640482423228e+00
1.658408953137716857e+00
1.723368451137121671e+00
1.466693767036144180e+00
1.194272901966653588e+00
1.290992761790180410e+00
1.200317740776775999e+00
1.512375806216432750e+00
1.959313824113337876e+00
1.931954965589337103e+00
1.396653957333733542e+00
1.149630662768071687e+00
1.842670995697303082e+00
1.788598979867978223e+00
1.048772053521478398e+00
1.775761037292724609e+00
1.157839898720150362e+00
1.109020266793717013e+00
1.948634760460944193e+00
1.389215701785250889e+00
1.074661956094192350e+00
1.988967224347453877e+00
1.099934577872865971e+00
1.788684778634944683e+00
1.952083846285108448e+00
1.133678315674181203e+00
1.984127475377080341e+00
1.946902368274138428e+00
1.639642838935603697e+00
1.798576498544704361e+00
1.329246013841934193e+00
1.076024439109005471e+00
1.254354765268387073e+00
1.091593310670414319e+00
1.456294235865761122e+00
1.493750655108888825e+00
1.828881401874263624e+00
1.457329228971702584e+00
1.411036678205950912e+00
1.022816075860541574e+00
1.163642842242834430e+00
1.577286566091755216e+00
1.449161812142466310e+00
1.721508230330611511e+00
1.891250333518812443e+00
1.740553573355861694e+00
1.936863544614902288e+00
1.254384321460110696e+00
1.989022282416017973e+00
1.326586692980272097e+00
1.092615653136411735e+00
1.284527937020857991e+00
1.964441632994911924e+00
1.050738998645754929e+00
1.764066208618991327e+00
1.530963931730040972e+00
1.185274294535346939e+00
1.945428557532636660e+00
1.983497350860683461e+00
1.003703878117064185e+00
1.944932869202871561e+00
1.047104202235360715e+00
1.939623469257598654e+00
1.347069080395986163e+00
1.200024175940614057e+00
1.168637380551265981e+00
1.599253002546695779e+00
1.550880830942694688e+00
1.753086515409014723e+00
1.568986874447676261e+00
1.778404210223628379e+00
1.273968276473635530e+00
1.962960659213410786e+00
1.771103849042124034e+00
1.553326072342434472e+00
1.476364901324043633e+00
1.352373052583994539e+00
1.649110674175781277e+00
1.716497272939514041e+00
1.326714312953511055e+00
1.874616240739974682e+00
1.196352768839970659e+00
1.932872877538299949e+00
1.899899177350558244e+00
1.121782885139956942e+00
1.689766819376568030e+00
1.034811679622468450e+00
1.144857364171903313e+00
1.312955632892533586e+00
1.140360983093775538e+00
1.568516374742685349e+00
1.344938246513852409e+00
1.054632012418337483e+00
1.613400180272416273e+00
1.498383302619269664e+00
1.342810822804950455e+00
1.116843477148443675e+00
1.071153213148945849e+00
1.686817693896987436e+00
1.092485395468246079e+00
1.411565680448823024e+00
1.441203527051285738e+00
1.412792317632573180e+00
1.129987340490000047e+00
1.599630109712811610e+00
1.674527198486256419e+00
1.008425282050918081e+00
1.350123535206233072e+00
1.270540499704789328e+00
1.010435087004809773e+00
1.638065989675733247e+00
1.056859063729633119e+00
1.067368700274840876e+00
1.287101049713471390e+00
1.943880010901912536e+00
1.010997594164827040e+00
1.596145262474410575e+00
1.321598879684150241e+00
1.054765896922463808e+00
1.943449157922164883e+00
1.989754476119136806e+00
1.521599029694783001e+00
1.707327474072102280e+00
1.821900663321901703e+00
1.713617024522563259e+00
1.207594153087371502e+00
1.742749784938686375e+00
1.189721939993083621e+00
1.810699977807903149e+00
1.418458935238889218e+00
1.461966903209618307e+00
1.934650646752438696e+00
1.388452938284597149e+00
1.294670473173506142e+00
1.025693390477300238e+00
1.970548270424737680e+00
1.707338346889273328e+00
1.835520475186683154e+00
1.224535652001801811e+00
1.285894696135313042e+00
1.248967785425594279e+00
1.983601600413352983e+00
1.356716595626857647e+00
1.049394624005197896e+00
1.242388320003603219e+00
1.091305436576654575e+00
1.859646559412221345e+00
1.092418984872981724e+00
1.118301852693944998e+00
1.285553793078830331e+00
1.691486709145352041e+00
1.306022108765456213e+00
1.718621592188816161e+00
1.751282948202748102e+00
1.796489825409193664e+00
1.500308786550941686e+00
1.230081320838389169e+00
1.339927196025634260e+00
1.484605009430342903e+00
1.581533388346166191e+00
1.159111068715537929e+00
1.429397999942892294e+00
1.495011144708595641e+00
1.810110327212970827e+00
1.694178359470073225e+00
1.828034693331891170e+00
1.768326679514620636e+00
1.200100277162206464e+00
1.483536904267928058e+00
1.099403047557901303e+00
1.505848230344137395e+00
1.557244313912528266e+00
1.329761266706995348e+00
1.390983275017702914e+00
1.774777519347738863e+00
1.636130399726243079e+00
1.858694872778811735e+00
1.387935764906321090e+00
1.365570504537752861e+00
1.785635020462861933e+00
1.235204600059577995e+00
1.059019723973751992e+00
1.872837245760370584e+00
1.544384991936341711e+00
1.140575748148530799e+00
1.190720922435037465e+00
1.027861355090328388e+00
1.631433697893160062e+00
1.628996389495500408e+00
1.430204526364187156e+00
1.988673327082611575e+00
1.071715221232611981e+00
1.522986875868867829e+00
1.135392803758993097e+00
1.969517171057788563e+00
1.975766999877137220e+00
1.338982992745270550e+00
1.894228556169120337e+00
1.060724698605325589e+00
1.855072014991978602e+00
1.007923280686744860e+00
1.620512947643932167e+00
1.713609952655140489e+00
1.465717322312252380e+00
1.356954720938624126e+00
1.558660753784300246e+00
1.969365923498259230e+00
1.994817515288538790e+00
1.455306399873713907e+00
1.512284318525889404e+00
1.315883575019576757e+00
1.702058975675524000e+00
1.254166093073663557e+00
1.221965179634445953e+00
1.005434532064625408e+00
1.336936193692578545e+00
1.825249691445864908e+00
1.056444126915819126e+00
1.371772554878603723e+00
1.712624887378374705e+00
1.453681458059115972e+00
1.221879207645325094e+00
1.475146757807363818e+00
1.350653918634818762e+00
1.406315924437337106e+00
1.386339140902671740e+00
1.979451649779270239e+00
1.144797404680666819e+00
1.009307185990957478e+00
1.889462377476299304e+00
1.462473727449531413e+00
1.836195399468576017e+00
1.545489396750395095e+00
1.511296699873379001e+00
1.348383551363091293e+00
1.784582520150250984e+00
1.819866563745564658e+00
1.268168950002396045e+00
1.527854136705057542e+00
1.912564104431498713e+00
1.910625930720548205e+00
1.765726675444131200e+00
1.819651298702640529e+00
1.237310199470192940e+00
1.585216535046261921e+00
1.664820827913936707e+00
1.946128953433451603e+00
1.963035230810377119e+00
1.371203226206114678e+00
1.780147565750739513e+00
1.827638539989472566e+00
1.100557222719563244e+00
1.195362954578302883e+00
1.615468956355335273e+00
1.913899833582033638e+00
1.596731949772788983e+00
1.252273559950236592e+00
1.856768439032757678e+00
1.741142005650794244e+00
1.482725073311553565e+00
1.240021992756319413e+00
1.328711827218118646e+00
1.775517362589651205e+00
1.697034628341774987e+00
1.110961856399752534e+00
1.055556662403568602e+00
1.906484654635463682e+00
1.027234339184830869e+00
1.745209405927939494e+00
1.466032675916131733e+00
1.176994658290999141e+00
1.207656611524413393e+00
1.164776044660556842e+00
1.148203494876500308e+00
1.613290068621208384e+00
1.148149555638936725e+00
1.028368074950397837e+00
1.686469908549059760e+00
1.817859587741714744e+00
1.939683022940538848e+00
1.275696647796614958e+00
1.492819073464770829e+00
1.636238014527906293e+00
1.105135377593605472e+00
1.525904992889101308e+00
1.661665075920673473e+00
1.938669585532741158e+00
1.281984378033983241e+00
1.698040691092359999e+00
1.888715817928734442e+00
1.241339940441019252e+00
1.223932792803262171e+00
1.325596781451984452e+00
1.887077874352638851e+00
1.776283649819431432e+00
1.484526634642427734e+00
1.862126126392314340e+00
1.828791744158257959e+00
1.426078391963206515e+00
1.685489842033904395e+00
1.583914932723743618e+00
1.978168447968289279e+00
1.201938255950106393e+00
1.426138530462777165e+00
1.310521590955449955e+00
1.406755443201523459e+00
1.909267303355117296e+00
1.211003810068110420e+00
1.812949698253595088e+00
1.029272446011790798e+00
1.572487773964282631e+00
1.178475618930229452e+00
1.890712667168284344e+00
1.255252033235454867e+00
1.488584263253422080e+00
1.307670528076871452e+00
1.927963578319670024e+00
1.869628493169702255e+00
1.739827894963544841e+00
1.898112522463358598e+00
1.884000221727344826e+00
1.937217071252319567e+00
1.034317348123733327e+00
1.314740749386811736e+00
1.583222436476090067e+00
1.865285069074963387e+00
1.118103839279219747e+00
1.991768101501537380e+00
1.256792170259687591e+00
1.275144138227535695e+00
1.389852866997971947e+00
1.379286868853717429e+00
1.238827201587325177e+00
1.619405074766927743e+00
1.551930365054174477e+00
1.776511287061922628e+00
1.585396644200010918e+00
1.760235055478103883e+00
1.254183720291321968e+00
1.851799456648941522e+00
1.263893109087352862e+00
1.692017187009090984e+00
1.579145267733907954e+00
1.318039725594859046e+00
1.725594022305496411e+00
1.368114635938306733e+00
1.794612768554232130e+00
1.203182384928166648e+00
1.187084351031265861e+00
1.170627890279824612e+00
1.836503359228075283e+00
1.026237039021540731e+00
1.556700580174849691e+00
1.351710722475540027e+00
1.243625109505466009e+00
1.096906142103975634e+00
1.504681996607132977e+00
1.474999807173098532e+00
1.330256044762894607e+00
1.275403694325125237e+00
1.328056535660435689e+00
1.195712981924347273e+00
1.564651172268060941e+00
1.218273060387775386e+00
1.091498123497168127e+00
1.921841439338113133e+00
1.198083467612441222e+00
1.645692620536023387e+00
1.282131741522881896e+00
1.025853585818190528e+00
1.431221424730274805e+00
1.158135689517067579e+00
1.494204560697508288e+00
1.522347901143356053e+00
1.784653894969826071e+00
1.516990396765542926e+00
1.354956206467175850e+00
1.608858896890072998e+00
1.573966599862018700e+00
1.932662821241679652e+00
1.985686378628639170e+00
1.735240432862325433e+00
1.017593749456419339e+00
1.984616383546334628e+00
1.467417993501093587e+00
1.017692642476420328e+00
1.802804746598669183e+00
1.652941146968133879e+00
1.026264610160272372e+00
1.617556854273957345e+00
1.689887547496752296e+00
1.872373439389387384e+00
1.816418297558836326e+00
1.957581979769465796e+00
1.134803842284654696e+00
1.169569364738680228e+00
1.833041063893652289e+00
1.995521698650204900e+00
1.601272318008852613e+00
1.774639360647289887e+00
1.826744357389700202e+00
1.452749547118767026e+00
1.952799229957959959e+00
1.978002718145324357e+00
1.486934806641604379e+00
1.283272112609785687e+00
1.911956478735144183e+00
1.741955391000900022e+00
1.210134722104660110e+00
1.417509998146925909e+00
1.732040098184611132e+00
1.734522093836091905e+00
1.211451980016500674e+00
1.131846124077656501e+00
1.820916278848374592e+00
1.749777842847012987e+00
1.031032986400552964e+00
1.848496576530888280e+00
1.747223017753863683e+00
1.772553390197369572e+00
1.001085206756791690e+00
1.882634804118120231e+00
1.667030399699663601e+00
1.605789646829016704e+00
1.616670008858611229e+00
1.869238697150718442e+00
1.662276304594691112e+00
1.943382241809579636e+00
1.407852658637796850e+00
1.238799894219220654e+00
1.050005510019467181e+00
1.750949538510828685e+00
1.501434849303824315e+00
1.067901268520978775e+00
1.444915900670076692e+00
1.337421108356962485e+00
1.084150966352207535e+00
1.017508265930539668e+00
1.127308951865428899e+00
1.266621769264861141e+00
1.005221660603855316e+00
1.010383637034037996e+00
1.166378395700642168e+00
1.536839330185256758e+00
1.703576029947374115e+00
1.965909229055699203e+00
1.737784293092641708e+00
1.522315038305605217e+00
1.913986107446681295e+00
1.203764347330140261e+00
1.829572183330727020e+00
1.439740143599169464e+00
1.468936310287753066e+00
1.728474647692554766e+00
1.637832013300362100e+00
1.361663044711759918e+00
1.397335600146880630e+00
1.763710887518668002e+00
1.726700695784265438e+00
1.145776371038571995e+00
1.496423986332435341e+00
1.176267073709244659e+00
1.298657599280683694e+00
1.787437134283881957e+00
1.399325613312106587e+00
1.633200824183186572e+00
1.798753896342357939e+00
1.895210660295149507e+00
1.970455295075075774e+00
1.916860157514855612e+00
1.360033360933357471e+00
1.000852887352309928e+00
1.790976266743192991e+00
1.718790136297492221e+00
1.504981898990227496e+00
1.819634389545877751e+00
1.465445879672576002e+00
1.280311448115333484e+00
1.339762950047498347e+00
1.034312193317237227e+00
1.557903674218076961e+00
1.685271486001412633e+00
1.938065115158887686e+00
1.452054714703171934e+00
1.644526751837430023e+00
1.899703324635530155e+00
1.735820093335220360e+00
1.441872666911327761e+00
1.243560273859027676e+00
1.189462365220659512e+00
1.904987481823866569e+00
1.808426360094334884e+00
1.623064021788496847e+00
1.505974616703745328e+00
1.622535686815671507e+00
1.086217582080741817e+00
1.685961155466390915e+00
1.008131450670215035e+00
1.710821078516709948e+00
1.588784172685850038e+00
1.276990883481566641e+00
1.109198899369248092e+00
1.133359578955560831e+00
1.486953136367390460e+00
1.841446541814034443e+00
1.653513950607570449e+00
1.306190816541006328e+00
1.094015758138215055e+00
1.552746267141654979e+00
