1.150717010575882826e+00
1.808892183566013667e+00
1.475254761988521457e+00
1.918003521026078850e+00
1.332141676314438694e+00
1.917201812122085069e+00
1.152039808485711747e+00
1.716410351532711820e+00
1.948660461921479126e+00
1.705833417484183823e+00
1.718902915888432359e+00
1.313295871160276018e+00
1.882231854792030035e+00
1.780748194147262264e+00
1.858777841628854954e+00
1.547451224322716978e+00
1.448977496030853018e+00
1.051747141350853898e+00
1.487491245631054948e+00
1.513127156463747180e+00
1.080704341280942060e+00
1.544510190385582238e+00
1.328248864743970525e+00
1.920283931713623327e+00
1.689776936862822598e+00
1.335250175951687712e+00
1.056845534356161576e+00
1.102977853830210853e+00
1.306950526933480905e+00
1.452468994798084001e+00
1.719046760776375748e+00
1.979345828444889488e+00
1.318516090833086851e+00
1.437555736515684801e+00
1.924162890055298725e+00
1.934705947664389747e+00
1.187522146313506166e+00
1.703433205190781452e+00
1.328307307963221273e+00
1.978261132759978391e+00
1.452301332340125484e+00
1.889142738844276748e+00
1.466532223700026893e+00
1.662444406546417008e+00
1.897473218146848550e+00
1.507946170318473555e+00
1.577313302816711893e+00
1.857079226383494319e+00
1.615258163258874724e+00
1.499798922723869499e+00
1.884770031117410038e+00
1.263127649914296491e+00
1.508294223287971914e+00
1.371032109280697853e+00
1.808439082169416068e+00
1.533098078951674159e+00
1.908368414339960406e+00
1.526636046455557061e+00
1.442495059969468585e+00
1.325367494428549398e+00
1.931598589434378788e+00
1.516337816371997604e+00
1.663290430245158102e+00
1.693678532470523690e+00
